9.534000000000000696e+00
9.593999999999999417e+00
9.653999999999999915e+00
9.714000000000000412e+00
9.773999999999999133e+00
9.833999999999999631e+00
9.894000000000000128e+00
9.954000000000000625e+00
1.001399999999999935e+01
1.007399999999999984e+01
1.013400000000000034e+01
1.019400000000000084e+01
1.025399999999999956e+01
1.031400000000000006e+01
1.037400000000000055e+01
1.043399999999999928e+01
1.049399999999999977e+01
1.055400000000000027e+01
1.061400000000000077e+01
1.067399999999999949e+01
